#! FIELDS time dist metad.bias
 0.000000 0.856079 0.000000
 1.000000 0.863873 0.000000
 2.000000 0.881293 0.996214
 3.000000 0.879012 1.953671
 4.000000 0.923082 2.787729
 5.000000 0.882933 3.734109
 6.000000 0.889733 4.580053
 7.000000 0.930594 5.264764
 8.000000 0.923892 6.091517
 9.000000 0.913754 6.894514
 10.000000 0.887516 7.648211
 11.000000 0.863978 8.260911
 12.000000 0.881511 9.034542
 13.000000 0.892170 9.718573
 14.000000 0.881029 10.349496
 15.000000 0.890937 10.996658
 16.000000 0.907920 11.573493
 17.000000 0.893197 12.204931
 18.000000 0.919703 12.672026
 19.000000 0.924948 13.192105
 20.000000 0.904258 13.884642
 21.000000 0.897982 14.435812
 22.000000 0.925844 14.794791
 23.000000 0.895035 15.473670
 24.000000 0.904702 15.963193
 25.000000 0.926903 16.283929
 26.000000 0.926826 16.769001
 27.000000 0.907316 17.397941
 28.000000 0.902387 17.871963
 29.000000 0.908877 18.303035
 30.000000 0.881815 18.698824
 31.000000 0.932706 18.927819
 32.000000 0.918497 19.537190
 33.000000 0.916972 19.969511
 34.000000 0.904856 20.446130
 35.000000 0.885635 20.798667
 36.000000 0.891258 21.228679
 37.000000 0.927686 21.429876
 38.000000 0.947025 21.431433
 39.000000 0.910644 22.367643
 40.000000 0.964098 21.676634
 41.000000 0.926404 22.958380
 42.000000 0.955652 22.679948
 43.000000 0.927180 23.667653
 44.000000 0.953989 23.438067
 45.000000 0.935000 24.240209
 46.000000 0.960307 23.932584
 47.000000 0.964088 24.149343
 48.000000 1.003954 22.693978
 49.000000 0.951593 25.232645
 50.000000 1.000406 23.563911
 51.000000 1.014578 23.113421
 52.000000 0.998988 24.345175
 53.000000 0.979183 25.622925
 54.000000 0.966521 26.430215
 55.000000 0.962700 26.866950
 56.000000 0.946378 27.615318
 57.000000 0.963646 27.429245
 58.000000 0.947262 28.181489
 59.000000 0.969979 27.784169
 60.000000 1.020650 25.439991
 61.000000 0.994594 27.290385
 62.000000 1.017335 26.269861
 63.000000 0.985509 28.339668
 64.000000 0.961041 29.561867
 65.000000 0.970257 29.521763
 66.000000 0.963534 30.020500
 67.000000 0.965800 30.208882
 68.000000 0.999992 28.933904
 69.000000 1.018859 28.057618
 70.000000 0.981206 30.427453
 71.000000 0.972054 31.055310
 72.000000 0.946467 32.021488
 73.000000 0.982914 31.096471
 74.000000 1.010539 29.853583
 75.000000 0.998461 30.830246
 76.000000 0.988535 31.598927
 77.000000 0.989134 31.814426
 78.000000 0.989281 32.049638
 79.000000 1.002888 31.558116
 80.000000 0.966555 33.460453
 81.000000 0.990225 32.711200
 82.000000 0.978072 33.496043
 83.000000 0.954687 34.465888
 84.000000 0.944154 34.873542
 85.000000 0.953658 34.915347
 86.000000 1.009911 32.662752
 87.000000 0.999805 33.510395
 88.000000 0.931423 35.832212
 89.000000 0.955878 35.721700
 90.000000 0.956070 35.920899
 91.000000 0.985210 35.090726
 92.000000 0.997599 34.657616
 93.000000 0.999207 34.779316
 94.000000 0.967019 36.445991
 95.000000 0.920858 37.196812
 96.000000 0.952903 37.199326
 97.000000 0.979826 36.535040
 98.000000 0.952285 37.596847
 99.000000 0.949414 37.836278
 100.000000 0.920895 38.132748
 101.000000 0.983141 37.126118
 102.000000 0.948184 38.411348
 103.000000 0.972354 37.948476
 104.000000 0.962784 38.450080
 105.000000 0.936373 39.073571
 106.000000 0.984411 37.969375
 107.000000 0.938209 39.418503
 108.000000 0.985464 38.270665
 109.000000 0.958055 39.465969
 110.000000 1.009927 37.171053
 111.000000 1.001630 37.908526
 112.000000 0.976892 39.384836
 113.000000 0.951762 40.307971
 114.000000 0.981197 39.535345
 115.000000 1.010011 38.040676
 116.000000 1.026379 36.981995
 117.000000 1.005498 38.722337
 118.000000 0.958380 41.037221
 119.000000 0.976910 40.597997
 120.000000 0.962955 41.243804
 121.000000 0.999364 39.766805
 122.000000 1.009046 39.303696
 123.000000 0.992615 40.503993
 124.000000 0.965995 41.814393
 125.000000 0.983361 41.296717
 126.000000 0.993532 40.929924
 127.000000 0.981118 41.719852
 128.000000 0.959289 42.623130
 129.000000 0.989877 41.595001
 130.000000 0.990431 41.722211
 131.000000 1.001865 41.204798
 132.000000 1.001906 41.361705
 133.000000 1.052243 37.275154
 134.000000 1.042004 38.478580
 135.000000 1.077418 34.892819
 136.000000 1.028724 40.070937
 137.000000 1.035955 39.598837
 138.000000 1.061420 37.227739
 139.000000 1.026597 40.778216
 140.000000 0.999259 42.919015
 141.000000 0.955912 44.751364
 142.000000 0.996752 43.348237
 143.000000 1.018527 42.012482
 144.000000 0.967089 44.928056
 145.000000 0.993224 43.978565
 146.000000 1.000127 43.719635
 147.000000 0.977984 44.977882
 148.000000 0.973209 45.288283
 149.000000 0.969475 45.541916
 150.000000 0.973434 45.545017
 151.000000 1.000675 44.354490
 152.000000 0.990603 45.069063
 153.000000 0.985658 45.448992
 154.000000 0.963123 46.376473
 155.000000 0.995057 45.218069
 156.000000 0.981403 46.031595
 157.000000 0.967263 46.658156
 158.000000 0.965540 46.829216
 159.000000 0.988741 46.066226
 160.000000 0.993838 45.923743
 161.000000 0.960416 47.325378
 162.000000 0.992307 46.257161
 163.000000 0.978447 47.036128
 164.000000 0.959123 47.719700
 165.000000 0.945843 47.981832
 166.000000 0.958127 47.974434
 167.000000 0.917271 47.843586
 168.000000 0.952287 48.290250
 169.000000 0.960660 48.277477
 170.000000 0.971094 48.121586
 171.000000 0.943733 48.687809
 172.000000 0.929794 48.699547
 173.000000 0.963561 48.674103
 174.000000 0.949775 49.004587
 175.000000 0.943500 49.142703
 176.000000 0.889593 47.606202
 177.000000 0.907056 48.618416
 178.000000 0.888163 47.752654
 179.000000 0.878303 47.209233
 180.000000 0.856722 45.544759
 181.000000 0.837491 43.732333
 182.000000 0.853327 45.497899
 183.000000 0.832955 43.504198
 184.000000 0.816679 41.725793
 185.000000 0.832258 43.725057
 186.000000 0.879474 48.243194
 187.000000 0.854901 46.333042
 188.000000 0.827776 43.593133
 189.000000 0.811292 41.726045
 190.000000 0.758871 34.575312
 191.000000 0.770340 36.470977
 192.000000 0.764851 35.867130
 193.000000 0.754263 34.504994
 194.000000 0.797527 40.891973
 195.000000 0.753460 34.758335
 196.000000 0.748004 34.155187
 197.000000 0.778707 38.874875
 198.000000 0.768920 37.644324
 199.000000 0.774158 38.588646
 200.000000 0.782454 39.947111
 201.000000 0.811879 44.032319
 202.000000 0.827251 46.005384
 203.000000 0.796297 42.283930
 204.000000 0.808541 44.033458
 205.000000 0.777361 39.948784
 206.000000 0.789009 41.753847
 207.000000 0.819128 45.797384
 208.000000 0.802747 43.881492
 209.000000 0.833477 47.698594
 210.000000 0.821803 46.503922
 211.000000 0.873781 51.528183
 212.000000 0.836500 48.364651
 213.000000 0.840942 48.939487
 214.000000 0.872840 51.789668
 215.000000 0.826661 47.613515
 216.000000 0.834663 48.616440
 217.000000 0.871853 52.049865
 218.000000 0.832740 48.620368
 219.000000 0.833204 48.785409
 220.000000 0.814978 46.787871
 221.000000 0.871082 52.437782
 222.000000 0.874541 52.772224
 223.000000 0.851216 51.015371
 224.000000 0.874950 52.997101
 225.000000 0.875987 53.159582
 226.000000 0.838291 50.039042
 227.000000 0.837476 50.061557
 228.000000 0.834874 49.893282
 229.000000 0.852881 51.778790
 230.000000 0.788963 44.339577
 231.000000 0.811140 47.453821
 232.000000 0.803798 46.625189
 233.000000 0.799653 46.198152
 234.000000 0.818098 48.689798
 235.000000 0.830689 50.264579
 236.000000 0.839559 51.315730
 237.000000 0.858981 53.216451
 238.000000 0.814980 48.720528
 239.000000 0.831379 50.755035
 240.000000 0.797662 46.680429
 241.000000 0.845696 52.458642
 242.000000 0.825678 50.437695
 243.000000 0.837949 51.886545
 244.000000 0.851202 53.272652
 245.000000 0.849860 53.243692
 246.000000 0.817442 49.849629
 247.000000 0.813851 49.514086
 248.000000 0.797063 47.416962
 249.000000 0.802943 48.334331
 250.000000 0.819819 50.592381
 251.000000 0.822899 51.063140
 252.000000 0.840870 53.126781
 253.000000 0.833656 52.470219
 254.000000 0.821398 51.178509
 255.000000 0.845077 53.832005
 256.000000 0.817441 50.893917
 257.000000 0.826512 52.070783
 258.000000 0.839078 53.529452
 259.000000 0.846956 54.393896
 260.000000 0.848271 54.605180
 261.000000 0.849111 54.770328
 262.000000 0.877236 56.985863
 263.000000 0.861666 55.999317
 264.000000 0.815120 51.316809
 265.000000 0.808176 50.532216
 266.000000 0.807346 50.528921
 267.000000 0.813602 51.438705
 268.000000 0.817484 52.022524
 269.000000 0.846980 55.324411
 270.000000 0.853361 55.984119
 271.000000 0.862182 56.785211
 272.000000 0.834101 54.277775
 273.000000 0.836597 54.631174
 274.000000 0.844103 55.474379
 275.000000 0.835935 54.733800
 276.000000 0.852111 56.384935
 277.000000 0.831578 54.433431
 278.000000 0.810192 51.957798
 279.000000 0.849617 56.428658
 280.000000 0.852632 56.777290
 281.000000 0.861372 57.573543
 282.000000 0.826673 54.305654
 283.000000 0.855937 57.303403
 284.000000 0.837190 55.622838
 285.000000 0.838004 55.791151
 286.000000 0.852375 57.244383
 287.000000 0.861927 58.102414
 288.000000 0.838580 56.086232
 289.000000 0.855866 57.777057
 290.000000 0.806925 52.493247
 291.000000 0.819041 54.137996
 292.000000 0.831304 55.654577
 293.000000 0.802939 52.224933
 294.000000 0.871584 59.363718
 295.000000 0.823966 55.068441
 296.000000 0.864602 59.045163
 297.000000 0.864214 59.089158
 298.000000 0.824479 55.355877
 299.000000 0.844662 57.595483
 300.000000 0.828649 55.997734
 301.000000 0.823734 55.512078
 302.000000 0.826159 55.879807
 303.000000 0.809839 53.946070
 304.000000 0.851935 58.674810
 305.000000 0.834573 57.061833
 306.000000 0.822451 55.768420
 307.000000 0.802754 53.317094
 308.000000 0.799435 52.949371
 309.000000 0.780235 50.211893
 310.000000 0.776650 49.761473
 311.000000 0.792764 52.306060
 312.000000 0.830861 57.309491
 313.000000 0.806459 54.396201
 314.000000 0.809597 54.901325
 315.000000 0.776957 50.263776
 316.000000 0.812423 55.460373
 317.000000 0.777076 50.472311
 318.000000 0.802721 54.358719
 319.000000 0.825545 57.339430
 320.000000 0.804947 54.828307
 321.000000 0.776066 50.668758
 322.000000 0.804558 54.966141
 323.000000 0.786710 52.497666
 324.000000 0.758840 48.153352
 325.000000 0.783809 52.271386
 326.000000 0.791832 53.566258
 327.000000 0.757516 48.235792
 328.000000 0.765144 49.619729
 329.000000 0.788145 53.338321
 330.000000 0.773961 51.246416
 331.000000 0.782310 52.651659
 332.000000 0.808363 56.468010
 333.000000 0.813156 57.167964
 334.000000 0.830239 59.263197
 335.000000 0.782952 53.072703
 336.000000 0.785426 53.542720
 337.000000 0.797406 55.387673
 338.000000 0.805023 56.523459
 339.000000 0.820595 58.581081
 340.000000 0.765602 50.736128
 341.000000 0.779377 53.048028
 342.000000 0.804202 56.762533
 343.000000 0.805924 57.073674
 344.000000 0.776520 52.851448
 345.000000 0.832782 60.463020
 346.000000 0.814253 58.391651
 347.000000 0.803481 57.058356
 348.000000 0.808071 57.750690
 349.000000 0.792208 55.624449
 350.000000 0.802674 57.187328
 351.000000 0.788298 55.209683
 352.000000 0.794461 56.198596
 353.000000 0.795663 56.452862
 354.000000 0.744116 48.197788
 355.000000 0.774256 53.401913
 356.000000 0.777907 54.072961
 357.000000 0.753423 50.119233
 358.000000 0.774372 53.709707
 359.000000 0.767363 52.665845
 360.000000 0.776378 54.215486
 361.000000 0.825136 60.979753
 362.000000 0.805297 58.602730
 363.000000 0.813143 59.691954
 364.000000 0.806127 58.856603
 365.000000 0.806135 58.930340
 366.000000 0.806350 59.031177
 367.000000 0.782100 55.619793
 368.000000 0.791514 57.117997
 369.000000 0.807211 59.378490
 370.000000 0.819734 61.013443
 371.000000 0.806131 59.372903
 372.000000 0.809451 59.878264
 373.000000 0.810680 60.105662
 374.000000 0.795047 58.052811
 375.000000 0.792574 57.771078
 376.000000 0.779253 55.833298
 377.000000 0.783249 56.536117
 378.000000 0.804777 59.715560
 379.000000 0.788450 57.473324
 380.000000 0.791425 57.990290
 381.000000 0.825968 62.531788
 382.000000 0.778842 56.214488
 383.000000 0.806457 60.303589
 384.000000 0.779927 56.533876
 385.000000 0.796402 59.074256
 386.000000 0.794875 58.928538
 387.000000 0.811561 61.255194
 388.000000 0.784611 57.546645
 389.000000 0.798465 59.651429
 390.000000 0.754211 52.703073
 391.000000 0.756077 53.122888
 392.000000 0.782789 57.601828
 393.000000 0.822282 63.012845
 394.000000 0.817858 62.557554
 395.000000 0.825568 63.503103
 396.000000 0.811592 61.909634
 397.000000 0.794852 59.714947
 398.000000 0.817716 62.794182
 399.000000 0.809656 61.857592
 400.000000 0.826459 63.916438
 401.000000 0.824870 63.799828
 402.000000 0.809450 62.010689
 403.000000 0.795497 60.179089
 404.000000 0.738305 50.767225
 405.000000 0.790420 59.610802
 406.000000 0.789541 59.551006
 407.000000 0.773462 57.122178
 408.000000 0.782730 58.668351
 409.000000 0.780523 58.398613
 410.000000 0.807156 62.306685
 411.000000 0.796781 60.957945
 412.000000 0.765338 56.131833
 413.000000 0.754141 54.286131
 414.000000 0.728512 49.695943
 415.000000 0.737391 51.461692
 416.000000 0.709373 46.244657
 417.000000 0.719032 48.232727
 418.000000 0.776752 58.612689
 419.000000 0.748729 53.937830
 420.000000 0.722132 49.101678
 421.000000 0.723923 49.554824
 422.000000 0.732413 51.264844
 423.000000 0.735152 51.876635
 424.000000 0.751780 54.991183
 425.000000 0.732077 51.489022
 426.000000 0.736578 52.426825
 427.000000 0.721782 49.740596
 428.000000 0.712224 48.010622
 429.000000 0.716493 48.953073
 430.000000 0.754281 56.047856
 431.000000 0.729331 51.592381
 432.000000 0.722045 50.312151
 433.000000 0.724847 50.951908
 434.000000 0.731297 52.271402
 435.000000 0.713782 49.030273
 436.000000 0.711518 48.704096
 437.000000 0.722684 50.967460
 438.000000 0.730406 52.530838
 439.000000 0.724778 51.565466
 440.000000 0.712316 49.272490
 441.000000 0.700447 47.063482
 442.000000 0.694901 46.092942
 443.000000 0.725766 52.213239
 444.000000 0.716555 50.551413
 445.000000 0.728026 52.842545
 446.000000 0.726355 52.622367
 447.000000 0.711708 49.909395
 448.000000 0.708674 49.427079
 449.000000 0.729847 53.593205
 450.000000 0.724459 52.669378
 451.000000 0.731216 54.036603
 452.000000 0.744431 56.546476
 453.000000 0.713415 50.815947
 454.000000 0.749279 57.591293
 455.000000 0.747508 57.355234
 456.000000 0.714315 51.246491
 457.000000 0.743610 56.837840
 458.000000 0.720805 52.677197
 459.000000 0.738236 56.038437
 460.000000 0.707744 50.323980
 461.000000 0.707609 50.403749
 462.000000 0.695582 48.134770
 463.000000 0.704319 49.980586
 464.000000 0.731879 55.379994
 465.000000 0.735859 56.200784
 466.000000 0.728265 54.871026
 467.000000 0.713375 52.111276
 468.000000 0.752985 59.522357
 469.000000 0.784372 64.601943
 470.000000 0.727814 55.094996
 471.000000 0.729499 55.497313
 472.000000 0.716187 53.046410
 473.000000 0.748318 59.097276
 474.000000 0.709903 51.988830
 475.000000 0.704055 50.937672
 476.000000 0.713009 52.797016
 477.000000 0.722383 54.698289
 478.000000 0.698648 50.151056
 479.000000 0.726070 55.591748
 480.000000 0.735827 57.492570
 481.000000 0.692784 49.245785
 482.000000 0.710985 52.963278
 483.000000 0.744646 59.364432
 484.000000 0.732023 57.141940
 485.000000 0.723640 55.645937
 486.000000 0.734798 57.816744
 487.000000 0.752611 61.064462
 488.000000 0.744364 59.689013
 489.000000 0.752371 61.159087
 490.000000 0.745650 60.052455
 491.000000 0.730679 57.399793
 492.000000 0.728626 57.093424
 493.000000 0.715078 54.584275
 494.000000 0.722170 56.038022
 495.000000 0.716402 55.011302
 496.000000 0.717658 55.340312
 497.000000 0.736437 58.959402
 498.000000 0.714240 54.834908
 499.000000 0.713297 54.738032
 500.000000 0.699572 52.113553
 501.000000 0.693387 50.970196
 502.000000 0.725788 57.424083
 503.000000 0.720960 56.583672
 504.000000 0.691062 50.760051
 505.000000 0.707003 54.052510
 506.000000 0.709995 54.731490
 507.000000 0.725144 57.739735
 508.000000 0.733643 59.401716
 509.000000 0.730580 58.906164
 510.000000 0.691548 51.355080
 511.000000 0.722208 57.502503
 512.000000 0.738528 60.611771
 513.000000 0.758179 64.083980
 514.000000 0.732150 59.570578
 515.000000 0.751821 63.143165
 516.000000 0.731969 59.667192
 517.000000 0.734824 60.262798
 518.000000 0.740535 61.366036
 519.000000 0.715931 56.828206
 520.000000 0.731323 59.830140
 521.000000 0.755997 64.257869
 522.000000 0.738932 61.348251
 523.000000 0.762156 65.391153
 524.000000 0.764522 65.824677
 525.000000 0.748312 63.179684
 526.000000 0.748630 63.294726
 527.000000 0.742747 62.322474
 528.000000 0.737302 61.406679
 529.000000 0.744706 62.796124
 530.000000 0.772329 67.396255
 531.000000 0.763499 66.070454
 532.000000 0.740494 62.209961
 533.000000 0.724154 59.250307
 534.000000 0.696276 53.828511
 535.000000 0.750202 64.136260
 536.000000 0.700777 54.884083
 537.000000 0.710732 56.954508
 538.000000 0.720491 58.933722
 539.000000 0.732188 61.212865
 540.000000 0.723103 59.571475
 541.000000 0.733574 61.604256
 542.000000 0.726426 60.336405
 543.000000 0.744646 63.729468
 544.000000 0.718578 58.963385
 545.000000 0.737522 62.587997
 546.000000 0.725265 60.376833
 547.000000 0.686305 52.690315
 548.000000 0.704319 56.451630
 549.000000 0.755481 66.011921
 550.000000 0.735513 62.577200
 551.000000 0.722311 60.170814
 552.000000 0.766956 68.038517
 553.000000 0.752535 65.748432
 554.000000 0.778942 69.925060
 555.000000 0.742830 64.167066
 556.000000 0.723018 60.574061
 557.000000 0.706085 57.329207
 558.000000 0.728655 61.784859
 559.000000 0.728269 61.776414
 560.000000 0.741172 64.200985
 561.000000 0.746064 65.120017
 562.000000 0.757279 67.073818
 563.000000 0.768452 68.898746
 564.000000 0.759227 67.488735
 565.000000 0.726815 61.822785
 566.000000 0.736496 63.680415
 567.000000 0.758744 67.580772
 568.000000 0.743577 65.056254
 569.000000 0.768123 69.168416
 570.000000 0.743495 65.142469
 571.000000 0.756405 67.402327
 572.000000 0.774113 70.217884
 573.000000 0.759049 67.928552
 574.000000 0.788056 72.248723
 575.000000 0.759414 68.075997
 576.000000 0.761243 68.419217
 577.000000 0.756620 67.714830
 578.000000 0.780669 71.433281
 579.000000 0.782386 71.712609
 580.000000 0.779981 71.419549
 581.000000 0.768121 69.718305
 582.000000 0.756398 67.895063
 583.000000 0.759813 68.501890
 584.000000 0.766159 69.555942
 585.000000 0.762506 69.026479
 586.000000 0.750519 67.094913
 587.000000 0.746269 66.411966
 588.000000 0.786844 72.727105
 589.000000 0.791697 73.392385
 590.000000 0.802920 74.764472
 591.000000 0.799400 74.399309
 592.000000 0.803793 74.933533
 593.000000 0.846862 78.410887
 594.000000 0.809065 75.562209
 595.000000 0.794879 73.996523
 596.000000 0.794013 73.927270
 597.000000 0.812356 76.003137
 598.000000 0.813505 76.149555
 599.000000 0.742900 66.244081
 600.000000 0.771568 71.011139
 601.000000 0.811605 76.086879
 602.000000 0.783616 72.809923
 603.000000 0.748582 67.405518
 604.000000 0.748828 67.497670
 605.000000 0.783237 72.894989
 606.000000 0.788665 73.656299
 607.000000 0.785569 73.286187
 608.000000 0.778440 72.341661
 609.000000 0.769489 71.064077
 610.000000 0.766175 70.595960
 611.000000 0.769752 71.189292
 612.000000 0.777963 72.440664
 613.000000 0.758892 69.558270
 614.000000 0.757400 69.358648
 615.000000 0.783145 73.293384
 616.000000 0.759134 69.726348
 617.000000 0.752272 68.628553
 618.000000 0.804593 76.055535
 619.000000 0.791215 74.516225
 620.000000 0.766768 71.102168
 621.000000 0.756539 69.502075
 622.000000 0.762218 70.472357
 623.000000 0.751352 68.717465
 624.000000 0.779859 73.214190
 625.000000 0.764675 70.990597
 626.000000 0.794230 75.182304
 627.000000 0.794185 75.211911
 628.000000 0.777168 72.983034
 629.000000 0.768934 71.801889
 630.000000 0.728665 64.885752
 631.000000 0.718767 63.023712
 632.000000 0.744163 67.854175
 633.000000 0.721942 63.754972
 634.000000 0.726861 64.764179
 635.000000 0.707054 60.895648
 636.000000 0.762173 71.122926
 637.000000 0.775028 73.128505
 638.000000 0.777946 73.586487
 639.000000 0.788557 75.062275
 640.000000 0.768935 72.332134
 641.000000 0.766330 71.971010
 642.000000 0.789514 75.300259
 643.000000 0.787601 75.088756
 644.000000 0.786151 74.934022
 645.000000 0.791744 75.687430
 646.000000 0.798715 76.559343
 647.000000 0.757411 70.753867
 648.000000 0.787829 75.298690
 649.000000 0.769406 72.733710
 650.000000 0.776438 73.813470
 651.000000 0.754261 70.382491
 652.000000 0.775982 73.828288
 653.000000 0.763892 72.035513
 654.000000 0.779036 74.341152
 655.000000 0.761856 71.788037
 656.000000 0.778277 74.311226
 657.000000 0.775715 73.981071
 658.000000 0.762069 71.936387
 659.000000 0.774169 73.833500
 660.000000 0.798553 77.071985
 661.000000 0.803879 77.699158
 662.000000 0.785686 75.540841
 663.000000 0.782408 75.134725
 664.000000 0.783091 75.262812
 665.000000 0.774947 74.152157
 666.000000 0.764164 72.550995
 667.000000 0.741594 68.759375
 668.000000 0.747187 69.802254
 669.000000 0.776296 74.513938
 670.000000 0.791173 76.553133
 671.000000 0.782194 75.410695
 672.000000 0.790327 76.514601
 673.000000 0.795609 77.195598
 674.000000 0.805794 78.369262
 675.000000 0.782623 75.599295
 676.000000 0.759770 72.208090
 677.000000 0.770986 74.005865
 678.000000 0.777433 74.987271
 679.000000 0.778046 75.109888
 680.000000 0.792260 77.032827
 681.000000 0.784171 76.022650
 682.000000 0.781627 75.711091
 683.000000 0.760685 72.603807
 684.000000 0.782790 75.943495
 685.000000 0.778001 75.312180
 686.000000 0.811930 79.401148
 687.000000 0.775576 75.028065
 688.000000 0.769025 74.088448
 689.000000 0.773373 74.778151
 690.000000 0.751514 71.315741
 691.000000 0.754236 71.821394
 692.000000 0.748812 70.930326
 693.000000 0.802080 78.644419
 694.000000 0.809202 79.419703
 695.000000 0.764159 73.586944
 696.000000 0.776763 75.527296
 697.000000 0.790452 77.405468
 698.000000 0.743219 70.140332
 699.000000 0.751029 71.561248
 700.000000 0.748420 71.149272
 701.000000 0.760676 73.259350
 702.000000 0.768928 74.597492
 703.000000 0.765514 74.105188
 704.000000 0.752004 71.923227
 705.000000 0.723735 66.740284
 706.000000 0.776881 75.937006
 707.000000 0.774153 75.576176
 708.000000 0.781610 76.667784
 709.000000 0.797934 78.760859
 710.000000 0.776987 76.083238
 711.000000 0.786940 77.476149
 712.000000 0.774881 75.844945
 713.000000 0.749249 71.765984
 714.000000 0.740015 70.154240
 715.000000 0.745805 71.244105
 716.000000 0.759772 73.669854
 717.000000 0.737787 69.866647
 718.000000 0.762547 74.200268
 719.000000 0.712465 64.986564
 720.000000 0.707089 63.928911
 721.000000 0.697497 61.958596
 722.000000 0.749126 72.161934
 723.000000 0.753944 73.030237
 724.000000 0.716968 66.157964
 725.000000 0.739448 70.559045
 726.000000 0.723141 67.488130
 727.000000 0.719623 66.837380
 728.000000 0.765320 75.115516
 729.000000 0.730299 69.017852
 730.000000 0.732545 69.493102
 731.000000 0.734732 69.951767
 732.000000 0.745450 71.958374
 733.000000 0.739469 70.917222
 734.000000 0.750091 72.856195
 735.000000 0.733126 69.814524
 736.000000 0.747843 72.547659
 737.000000 0.752857 73.453940
 738.000000 0.742266 71.630661
 739.000000 0.742153 71.651336
 740.000000 0.777786 77.460509
 741.000000 0.766135 75.767558
 742.000000 0.732076 69.883525
 743.000000 0.708582 65.229710
 744.000000 0.733304 70.215704
 745.000000 0.752094 73.650675
 746.000000 0.703963 64.394813
 747.000000 0.720753 67.908315
 748.000000 0.721936 68.192769
 749.000000 0.749148 73.330959
 750.000000 0.706092 65.033830
 751.000000 0.696050 62.948428
 752.000000 0.689425 61.567475
 753.000000 0.677415 58.968950
 754.000000 0.683088 60.306284
 755.000000 0.708947 65.949983
 756.000000 0.719253 68.111496
 757.000000 0.731079 70.477812
 758.000000 0.731505 70.602595
 759.000000 0.721457 68.686559
 760.000000 0.705723 65.508833
 761.000000 0.708696 66.185455
 762.000000 0.730436 70.593838
 763.000000 0.720588 68.709426
 764.000000 0.689104 62.127291
 765.000000 0.716686 68.033014
 766.000000 0.716400 68.023220
 767.000000 0.746697 73.828981
 768.000000 0.721958 69.224817
 769.000000 0.723668 69.609048
 770.000000 0.719325 68.789784
 771.000000 0.751180 74.778929
 772.000000 0.720147 69.036490
 773.000000 0.708870 66.777607
 774.000000 0.711637 67.402968
 775.000000 0.687800 62.349819
 776.000000 0.708197 66.799784
 777.000000 0.695180 64.077634
 778.000000 0.694039 63.887461
 779.000000 0.691287 63.344917
 780.000000 0.709715 67.341684
 781.000000 0.723276 70.140533
 782.000000 0.718178 69.167716
 783.000000 0.710754 67.696744
 784.000000 0.726721 70.953969
 785.000000 0.719469 69.564555
 786.000000 0.684300 62.134876
 787.000000 0.702268 66.113425
 788.000000 0.729293 71.651645
 789.000000 0.728262 71.494506
 790.000000 0.731375 72.131828
 791.000000 0.720057 69.963980
 792.000000 0.711921 68.355495
 793.000000 0.731187 72.227850
 794.000000 0.781404 80.445899
 795.000000 0.729942 72.057447
 796.000000 0.718778 69.906347
 797.000000 0.759252 77.313837
 798.000000 0.736791 73.462089
 799.000000 0.723299 70.920335
 800.000000 0.747965 75.543328
 801.000000 0.734294 73.112417
 802.000000 0.745495 75.185265
 803.000000 0.716856 69.781461
 804.000000 0.722727 71.002083
 805.000000 0.715277 69.547380
 806.000000 0.730026 72.509971
 807.000000 0.753871 76.823470
 808.000000 0.747717 75.811048
 809.000000 0.728541 72.330779
 810.000000 0.718341 70.358891
 811.000000 0.754092 77.009503
 812.000000 0.751363 76.584486
 813.000000 0.747547 75.963883
 814.000000 0.737251 74.155324
 815.000000 0.723430 71.552555
 816.000000 0.719638 70.839175
 817.000000 0.702956 67.426621
 818.000000 0.729885 72.940589
 819.000000 0.713545 69.732624
 820.000000 0.702078 67.371888
 821.000000 0.730574 73.204954
 822.000000 0.731240 73.370194
 823.000000 0.724509 72.107368
 824.000000 0.719573 71.167906
 825.000000 0.685988 64.058495
 826.000000 0.694723 66.046314
 827.000000 0.714591 70.309602
 828.000000 0.703520 68.040497
 829.000000 0.742275 75.724483
 830.000000 0.738139 75.010751
 831.000000 0.717184 70.998565
 832.000000 0.741604 75.716024
 833.000000 0.712238 70.062837
 834.000000 0.744655 76.336039
 835.000000 0.748704 77.072783
 836.000000 0.745058 76.472502
 837.000000 0.732289 74.176890
 838.000000 0.734014 74.538111
 839.000000 0.723421 72.536902
 840.000000 0.784598 82.600417
 841.000000 0.746266 76.853625
 842.000000 0.727533 73.436574
 843.000000 0.732148 74.357497
 844.000000 0.743446 76.464814
 845.000000 0.750618 77.740748
 846.000000 0.725314 73.143275
 847.000000 0.726349 73.383661
 848.000000 0.751156 77.938787
 849.000000 0.732895 74.706621
 850.000000 0.713027 70.815083
 851.000000 0.731727 74.564370
 852.000000 0.745690 77.145450
 853.000000 0.755725 78.872746
 854.000000 0.751397 78.185929
 855.000000 0.750775 78.111855
 856.000000 0.746684 77.441923
 857.000000 0.759886 79.663146
 858.000000 0.778449 82.396016
 859.000000 0.752460 78.511257
 860.000000 0.763626 80.328775
 861.000000 0.758720 79.590530
 862.000000 0.755847 79.156697
 863.000000 0.769881 81.346628
 864.000000 0.756847 79.375009
 865.000000 0.746820 77.723150
 866.000000 0.739787 76.506196
 867.000000 0.739364 76.462560
 868.000000 0.760021 80.008011
 869.000000 0.721746 73.161757
 870.000000 0.724905 73.825249
 871.000000 0.715462 71.967176
 872.000000 0.710957 71.076556
 873.000000 0.718002 72.567550
 874.000000 0.723960 73.798423
 875.000000 0.737740 76.461326
 876.000000 0.745754 77.929469
 877.000000 0.728938 74.870135
 878.000000 0.722082 73.563279
 879.000000 0.736077 76.292106
 880.000000 0.714878 72.177125
 881.000000 0.723872 74.029177
 882.000000 0.727577 74.791052
 883.000000 0.711599 71.611681
 884.000000 0.716833 72.731072
 885.000000 0.734415 76.208713
 886.000000 0.733255 76.024870
 887.000000 0.727340 74.928310
 888.000000 0.747458 78.656489
 889.000000 0.741274 77.598264
 890.000000 0.743744 78.069696
 891.000000 0.709673 71.483054
 892.000000 0.739463 77.374970
 893.000000 0.740269 77.552656
 894.000000 0.733994 76.429787
 895.000000 0.731335 75.961144
 896.000000 0.758050 80.677200
 897.000000 0.770851 82.637225
 898.000000 0.730611 75.909097
 899.000000 0.751681 79.723310
 900.000000 0.733553 76.528772
 901.000000 0.727270 75.361405
 902.000000 0.735525 76.965091
 903.000000 0.744559 78.630665
 904.000000 0.729754 75.938060
 905.000000 0.731603 76.324996
 906.000000 0.725089 75.099817
 907.000000 0.714040 72.907955
 908.000000 0.724322 75.023021
 909.000000 0.746828 79.231948
 910.000000 0.752309 80.191152
 911.000000 0.737027 77.539116
 912.000000 0.740652 78.230773
 913.000000 0.717216 73.752349
 914.000000 0.749673 79.875609
 915.000000 0.754366 80.686040
 916.000000 0.742599 78.702934
 917.000000 0.727430 75.908619
 918.000000 0.735170 77.414591
 919.000000 0.760382 81.770334
 920.000000 0.781187 84.745107
 921.000000 0.772655 83.631869
 922.000000 0.782501 84.957576
 923.000000 0.762307 82.163692
 924.000000 0.753570 80.799321
 925.000000 0.762933 82.312446
 926.000000 0.733700 77.343631
 927.000000 0.724230 75.549992
 928.000000 0.740888 78.731791
 929.000000 0.722472 75.265621
 930.000000 0.744614 79.458728
 931.000000 0.729254 76.658284
 932.000000 0.718290 74.520759
 933.000000 0.737152 78.214688
 934.000000 0.722221 75.379038
 935.000000 0.722053 75.380292
 936.000000 0.735071 77.929428
 937.000000 0.707629 72.470550
 938.000000 0.758115 81.982918
 939.000000 0.774773 84.463606
 940.000000 0.747995 80.361409
 941.000000 0.746548 80.140109
 942.000000 0.746245 80.115667
 943.000000 0.740158 79.065981
 944.000000 0.738257 78.749947
 945.000000 0.742265 79.503560
 946.000000 0.756061 81.875805
 947.000000 0.741501 79.421996
 948.000000 0.744656 80.010292
 949.000000 0.711008 73.523477
 950.000000 0.737530 78.796508
 951.000000 0.753137 81.549053
 952.000000 0.716143 74.683755
 953.000000 0.718961 75.294951
 954.000000 0.706120 72.650566
 955.000000 0.698700 71.079378
 956.000000 0.707231 72.969515
 957.000000 0.719022 75.462173
 958.000000 0.736544 78.894997
 959.000000 0.742306 79.969400
 960.000000 0.775632 85.218579
 961.000000 0.732832 78.282044
 962.000000 0.735166 78.750285
 963.000000 0.737440 79.200498
 964.000000 0.726354 77.126930
 965.000000 0.751057 81.652685
 966.000000 0.723825 76.687280
 967.000000 0.718071 75.563602
 968.000000 0.730417 78.038661
 969.000000 0.742714 80.338358
 970.000000 0.728533 77.735116
 971.000000 0.760284 83.322666
 972.000000 0.761311 83.505580
 973.000000 0.770714 84.914141
 974.000000 0.787802 87.124495
 975.000000 0.781209 86.352877
 976.000000 0.726746 77.529691
 977.000000 0.757212 82.984116
 978.000000 0.773778 85.458331
 979.000000 0.741626 80.394180
 980.000000 0.735520 79.308468
 981.000000 0.735414 79.317966
 982.000000 0.734265 79.132749
 983.000000 0.752341 82.355301
 984.000000 0.744387 81.024368
 985.000000 0.791803 87.853817
 986.000000 0.787525 87.394964
 987.000000 0.754005 82.721252
 988.000000 0.749724 82.034963
 989.000000 0.771539 85.429145
 990.000000 0.755782 83.082602
 991.000000 0.758258 83.502176
 992.000000 0.755151 83.029737
 993.000000 0.770682 85.405119
 994.000000 0.781147 86.816826
 995.000000 0.773293 85.809981
 996.000000 0.755378 83.155872
 997.000000 0.776164 86.242776
 998.000000 0.756691 83.413007
 999.000000 0.788783 87.838727
 1000.000000 0.767465 85.100921
 1001.000000 0.781373 87.000345
 1002.000000 0.780851 86.955826
 1003.000000 0.788687 87.911822
 1004.000000 0.815388 90.377040
 1005.000000 0.802296 89.342650
 1006.000000 0.816407 90.483248
 1007.000000 0.807373 89.821221
 1008.000000 0.816878 90.550891
 1009.000000 0.797797 88.987473
 1010.000000 0.809849 90.076239
 1011.000000 0.843528 91.764722
 1012.000000 0.877309 91.437925
 1013.000000 0.876982 91.467998
 1014.000000 0.866367 91.805846
 1015.000000 0.871484 91.692865
 1016.000000 0.869160 91.774387
 1017.000000 0.819869 90.895698
 1018.000000 0.837023 91.714407
 1019.000000 0.848477 91.976296
 1020.000000 0.862665 91.971248
 1021.000000 0.872520 91.761039
 1022.000000 0.842574 91.928947
 1023.000000 0.835675 91.753233
 1024.000000 0.874696 91.737354
 1025.000000 0.826355 91.392450
 1026.000000 0.831991 91.666119
 1027.000000 0.837815 91.889139
 1028.000000 0.783586 87.728699
 1029.000000 0.786853 88.138103
 1030.000000 0.793559 88.904386
 1031.000000 0.773384 86.466071
 1032.000000 0.796134 89.212003
 1033.000000 0.781759 87.602520
 1034.000000 0.785280 88.051691
 1035.000000 0.792385 88.877778
 1036.000000 0.776213 86.947251
 1037.000000 0.792399 88.919097
 1038.000000 0.738578 80.987130
 1039.000000 0.735165 80.379944
 1040.000000 0.731537 79.719012
 1041.000000 0.763689 85.288567
 1042.000000 0.737641 80.920205
 1043.000000 0.752849 83.618186
 1044.000000 0.772783 86.677277
 1045.000000 0.773208 86.756860
 1046.000000 0.760414 84.901344
 1047.000000 0.761956 85.162590
 1048.000000 0.750650 83.361227
 1049.000000 0.741864 81.852747
 1050.000000 0.730730 79.801843
 1051.000000 0.724836 78.674261
 1052.000000 0.760382 85.049880
 1053.000000 0.782778 88.196983
 1054.000000 0.746285 82.762611
 1055.000000 0.755560 84.350161
 1056.000000 0.755092 84.297281
 1057.000000 0.780111 87.955058
 1058.000000 0.749783 83.456499
 1059.000000 0.794489 89.658401
 1060.000000 0.763702 85.735314
 1061.000000 0.766604 86.189599
 1062.000000 0.788137 89.027497
 1063.000000 0.805652 90.794756
 1064.000000 0.798230 90.133230
 1065.000000 0.780552 88.170723
 1066.000000 0.761088 85.452280
 1067.000000 0.793224 89.683153
 1068.000000 0.788217 89.151109
 1069.000000 0.780412 88.232039
 1070.000000 0.800379 90.455546
 1071.000000 0.748808 83.543259
 1072.000000 0.765036 86.172847
 1073.000000 0.772210 87.227585
 1074.000000 0.791423 89.629929
 1075.000000 0.789762 89.465498
 1076.000000 0.770972 87.112061
 1077.000000 0.784464 88.891660
 1078.000000 0.807956 91.278265
 1079.000000 0.767092 86.611907
 1080.000000 0.764964 86.318319
 1081.000000 0.759237 85.460568
 1082.000000 0.745197 83.137812
 1083.000000 0.767379 86.742998
 1084.000000 0.740990 82.430688
 1085.000000 0.725444 79.491841
 1086.000000 0.739384 82.192023
 1087.000000 0.729278 80.303164
 1088.000000 0.755515 85.039813
 1089.000000 0.709670 76.322648
 1090.000000 0.737193 81.896441
 1091.000000 0.770563 87.407398
 1092.000000 0.766102 86.783855
 1093.000000 0.767074 86.947561
 1094.000000 0.758570 85.673154
 1095.000000 0.745024 83.425746
 1096.000000 0.795826 90.582292
 1097.000000 0.758011 85.648101
 1098.000000 0.764668 86.698229
 1099.000000 0.758067 85.699926
 1100.000000 0.794295 90.507373
 1101.000000 0.783763 89.343938
 1102.000000 0.750733 84.554223
 1103.000000 0.777493 88.598190
 1104.000000 0.775080 88.298251
 1105.000000 0.804982 91.615579
 1106.000000 0.796310 90.827188
 1107.000000 0.784402 89.535308
 1108.000000 0.799901 91.211998
 1109.000000 0.806826 91.840335
 1110.000000 0.807673 91.926132
 1111.000000 0.805318 91.747642
 1112.000000 0.764052 86.864958
 1113.000000 0.775174 88.470530
 1114.000000 0.778025 88.865973
 1115.000000 0.771771 88.043849
 1116.000000 0.745756 83.952229
 1117.000000 0.780334 89.223523
 1118.000000 0.770069 87.866695
 1119.000000 0.766988 87.442564
 1120.000000 0.761612 86.654617
 1121.000000 0.764579 87.126948
 1122.000000 0.759282 86.333109
 1123.000000 0.746155 84.167529
 1124.000000 0.739392 82.975731
 1125.000000 0.772776 88.396169
 1126.000000 0.787900 90.319683
 1127.000000 0.768873 87.884611
 1128.000000 0.754391 85.672382
 1129.000000 0.767900 87.786010
 1130.000000 0.781595 89.649479
 1131.000000 0.783116 89.854544
 1132.000000 0.783667 89.939508
 1133.000000 0.794687 91.188349
 1134.000000 0.772027 88.463815
 1135.000000 0.776277 89.059431
 1136.000000 0.781479 89.745458
 1137.000000 0.804592 92.194836
 1138.000000 0.794177 91.225912
 1139.000000 0.775583 89.037991
 1140.000000 0.803284 92.133634
 1141.000000 0.769430 88.223293
 1142.000000 0.775781 89.119237
 1143.000000 0.776224 89.197011
 1144.000000 0.774782 89.023242
 1145.000000 0.790006 90.908753
 1146.000000 0.770828 88.515011
 1147.000000 0.753952 85.949582
 1148.000000 0.746839 84.761593
 1149.000000 0.764871 87.713933
 1150.000000 0.763464 87.522079
 1151.000000 0.784536 90.401833
 1152.000000 0.798829 91.954563
 1153.000000 0.741037 83.821937
 1154.000000 0.756661 86.534783
 1155.000000 0.810433 93.005284
 1156.000000 0.768624 88.400038
 1157.000000 0.794289 91.599620
 1158.000000 0.764332 87.804141
 1159.000000 0.744698 84.596653
 1160.000000 0.754719 86.334020
 1161.000000 0.775002 89.388167
 1162.000000 0.778771 89.901601
 1163.000000 0.766927 88.290757
 1164.000000 0.762635 87.667424
 1165.000000 0.798675 92.190790
 1166.000000 0.774887 89.465576
 1167.000000 0.757811 86.967612
 1168.000000 0.773391 89.302058
 1169.000000 0.758566 87.127332
 1170.000000 0.762562 87.771215
 1171.000000 0.780853 90.338002
 1172.000000 0.776799 89.836164
 1173.000000 0.768496 88.709678
 1174.000000 0.772759 89.330008
 1175.000000 0.798340 92.346022
 1176.000000 0.788879 91.378982
 1177.000000 0.763226 87.999613
 1178.000000 0.766893 88.567358
 1179.000000 0.760248 87.579188
 1180.000000 0.770972 89.192704
 1181.000000 0.748603 85.699571
 1182.000000 0.752377 86.364020
 1183.000000 0.755691 86.933315
 1184.000000 0.770579 89.219932
 1185.000000 0.772806 89.549078
 1186.000000 0.791812 91.894594
 1187.000000 0.760037 87.702909
 1188.000000 0.789599 91.690597
 1189.000000 0.767458 88.863068
 1190.000000 0.777673 90.291333
 1191.000000 0.763666 88.336142
 1192.000000 0.775678 90.066372
 1193.000000 0.768999 89.160472
 1194.000000 0.766735 88.850629
 1195.000000 0.759654 87.791907
 1196.000000 0.791883 92.087141
 1197.000000 0.763564 88.432636
 1198.000000 0.808366 93.647384
 1199.000000 0.827343 94.822297
 1200.000000 0.809103 93.734496
 1201.000000 0.799048 92.888537
 1202.000000 0.769485 89.383986
 1203.000000 0.749089 86.182166
 1204.000000 0.755634 87.302312
 1205.000000 0.801194 93.162279
 1206.000000 0.780045 90.880906
 1207.000000 0.759826 88.027483
 1208.000000 0.799917 93.097730
 1209.000000 0.799027 93.030261
 1210.000000 0.805959 93.658422
 1211.000000 0.798670 93.027700
 1212.000000 0.776500 90.523223
 1213.000000 0.787583 91.903116
 1214.000000 0.771910 89.935662
 1215.000000 0.805585 93.710853
 1216.000000 0.798755 93.119268
 1217.000000 0.773663 90.226084
 1218.000000 0.761922 88.536510
 1219.000000 0.755630 87.555946
 1220.000000 0.777071 90.739172
 1221.000000 0.761655 88.552358
 1222.000000 0.756773 87.798901
 1223.000000 0.765858 89.228744
 1224.000000 0.757249 87.914569
 1225.000000 0.763071 88.847912
 1226.000000 0.765525 89.237116
 1227.000000 0.762064 88.731465
 1228.000000 0.739503 84.911947
 1229.000000 0.737042 84.474552
 1230.000000 0.768155 89.706944
 1231.000000 0.772281 90.309828
 1232.000000 0.774480 90.628435
 1233.000000 0.772831 90.421286
 1234.000000 0.766417 89.524600
 1235.000000 0.792454 92.845611
 1236.000000 0.812906 94.652151
 1237.000000 0.844198 95.940591
 1238.000000 0.795268 93.179505
 1239.000000 0.794503 93.117791
 1240.000000 0.811082 94.582558
 1241.000000 0.761382 88.869391
 1242.000000 0.809370 94.488824
 1243.000000 0.810645 94.598796
 1244.000000 0.772409 90.536924
 1245.000000 0.783332 91.970390
 1246.000000 0.789608 92.711889
 1247.000000 0.795886 93.386309
 1248.000000 0.766170 89.709052
 1249.000000 0.807751 94.476988
 1250.000000 0.771203 90.467727
 1251.000000 0.757598 88.435014
 1252.000000 0.775723 91.122935
 1253.000000 0.768455 90.130764
 1254.000000 0.838715 96.118752
 1255.000000 0.769707 90.341690
 1256.000000 0.755497 88.178970
 1257.000000 0.754690 88.065828
 1258.000000 0.758217 88.659055
 1259.000000 0.775442 91.210251
 1260.000000 0.782142 92.085816
 1261.000000 0.800947 94.109620
 1262.000000 0.810371 94.898682
 1263.000000 0.806350 94.602430
 1264.000000 0.769070 90.404466
 1265.000000 0.792758 93.371965
 1266.000000 0.804587 94.504939
 1267.000000 0.807308 94.741840
 1268.000000 0.788036 92.903330
 1269.000000 0.774249 91.205787
 1270.000000 0.832241 96.195801
 1271.000000 0.792688 93.456326
 1272.000000 0.767650 90.322806
 1273.000000 0.794487 93.675511
 1274.000000 0.754535 88.311285
 1275.000000 0.787801 92.991335
 1276.000000 0.770001 90.730107
 1277.000000 0.811057 95.187284
 1278.000000 0.777336 91.762882
 1279.000000 0.793204 93.642515
 1280.000000 0.774102 91.364183
 1281.000000 0.745761 86.918617
 1282.000000 0.759520 89.255238
 1283.000000 0.746554 87.098893
 1284.000000 0.759458 89.284775
 1285.000000 0.769818 90.863457
 1286.000000 0.712175 80.328913
 1287.000000 0.751536 88.047228
 1288.000000 0.738279 85.692989
 1289.000000 0.773682 91.488021
 1290.000000 0.780961 92.454691
 1291.000000 0.768912 90.852575
 1292.000000 0.760275 89.569286
 1293.000000 0.751214 88.103025
 1294.000000 0.764115 90.199879
 1295.000000 0.761916 89.881369
 1296.000000 0.753062 88.471403
 1297.000000 0.746516 87.362120
 1298.000000 0.751565 88.258537
 1299.000000 0.786605 93.296694
 1300.000000 0.769406 91.090183
 1301.000000 0.759347 89.589314
 1302.000000 0.775440 91.960528
 1303.000000 0.755118 88.940476
 1304.000000 0.766622 90.757087
 1305.000000 0.781772 92.825727
 1306.000000 0.780799 92.721292
 1307.000000 0.753450 88.731795
 1308.000000 0.785065 93.272833
 1309.000000 0.785200 93.304334
 1310.000000 0.807696 95.518347
 1311.000000 0.765122 90.647833
 1312.000000 0.747346 87.765339
 1313.000000 0.768860 91.234678
 1314.000000 0.761790 90.194827
 1315.000000 0.761398 90.151974
 1316.000000 0.779082 92.675803
 1317.000000 0.775144 92.177156
 1318.000000 0.759842 89.958654
 1319.000000 0.793311 94.369005
 1320.000000 0.797581 94.808810
 1321.000000 0.732424 85.139816
 1322.000000 0.745388 87.592487
 1323.000000 0.743337 87.243197
 1324.000000 0.732878 85.291794
 1325.000000 0.739070 86.498832
 1326.000000 0.748858 88.288772
 1327.000000 0.760360 90.213237
 1328.000000 0.736409 86.054455
 1329.000000 0.714491 81.601385
 1330.000000 0.719335 82.664558
 1331.000000 0.728902 84.659478
 1332.000000 0.715372 81.866454
 1333.000000 0.720843 83.056329
 1334.000000 0.723804 83.697030
 1335.000000 0.732117 85.394374
 1336.000000 0.747828 88.338224
 1337.000000 0.753100 89.261964
 1338.000000 0.769315 91.802523
 1339.000000 0.770367 91.968795
 1340.000000 0.758061 90.128042
