#! FIELDS time dist metad.bias
 0.000000 4.156285 0.000000
 1.000000 4.167558 0.000000
 2.000000 4.123723 0.488134
 3.000000 4.143926 0.983277
 4.000000 4.141919 1.461681
 5.000000 4.113356 1.907302
 6.000000 4.073277 2.262803
 7.000000 4.104826 2.798398
 8.000000 4.100156 3.231432
 9.000000 4.119520 3.685840
 10.000000 4.092662 4.067609
 11.000000 4.094858 4.490890
 12.000000 4.140983 4.895706
 13.000000 4.124741 5.327298
 14.000000 4.119632 5.723728
 15.000000 4.148001 6.049733
 16.000000 4.134706 6.474526
 17.000000 4.154055 6.775914
 18.000000 4.157414 7.126583
 19.000000 4.175268 7.356001
 20.000000 4.145878 7.903719
 21.000000 4.185394 7.960071
 22.000000 4.170889 8.453051
 23.000000 4.216587 8.208424
 24.000000 4.286755 7.007957
 25.000000 4.307857 6.810833
 26.000000 4.283835 7.815687
 27.000000 4.266981 8.581132
 28.000000 4.260885 9.062505
 29.000000 4.192814 10.500504
 30.000000 4.204742 10.689087
 31.000000 4.251336 10.206760
 32.000000 4.259587 10.337984
 33.000000 4.281026 10.112771
 34.000000 4.279166 10.481370
 35.000000 4.279523 10.785294
 36.000000 4.272714 11.272476
 37.000000 4.296497 10.916241
 38.000000 4.283107 11.606493
 39.000000 4.213689 13.247189
 40.000000 4.233406 13.265681
 41.000000 4.229961 13.595598
 42.000000 4.140759 13.978345
 43.000000 4.116239 13.848526
 44.000000 4.180453 14.754829
 45.000000 4.121243 14.461760
 46.000000 4.123422 14.764339
 47.000000 4.147715 15.366189
 48.000000 4.166441 15.746844
 49.000000 4.195077 15.951369
 50.000000 4.181104 16.254187
 51.000000 4.176802 16.499865
 52.000000 4.186654 16.721715
 53.000000 4.170001 16.967291
 54.000000 4.181981 17.206471
 55.000000 4.187039 17.423887
 56.000000 4.162322 17.629629
 57.000000 4.154239 17.796781
 58.000000 4.198890 18.024423
 59.000000 4.181535 18.343939
 60.000000 4.243738 17.655687
 61.000000 4.208107 18.590620
 62.000000 4.186120 18.987175
 63.000000 4.237689 18.461636
 64.000000 4.238137 18.670134
 65.000000 4.214144 19.371310
 66.000000 4.202630 19.727693
 67.000000 4.278260 17.980217
 68.000000 4.237434 19.539199
 69.000000 4.304250 17.262579
 70.000000 4.278430 18.632735
 71.000000 4.273181 19.056359
 72.000000 4.255381 19.892272
 73.000000 4.271170 19.552004
 74.000000 4.279596 19.431367
 75.000000 4.269777 20.023428
 76.000000 4.270465 20.202799
 77.000000 4.236591 21.431447
 78.000000 4.225802 21.843339
 79.000000 4.272525 20.701711
 80.000000 4.297494 19.821891
 81.000000 4.235585 22.227997
 82.000000 4.163528 22.688751
 83.000000 4.172994 22.985708
 84.000000 4.179404 23.216970
 85.000000 4.200124 23.413914
 86.000000 4.248888 22.751300
 87.000000 4.222160 23.541796
 88.000000 4.189141 23.954301
 89.000000 4.156638 23.785161
 90.000000 4.155992 23.945990
 91.000000 4.153887 24.075831
 92.000000 4.163426 24.419190
 93.000000 4.138703 24.040613
 94.000000 4.120631 23.612526
 95.000000 4.068234 21.223637
 96.000000 4.038321 19.528439
 97.000000 4.015057 18.128826
 98.000000 3.965190 14.711127
 99.000000 3.994320 17.110965
 100.000000 4.000382 17.784999
 101.000000 4.037508 20.598714
 102.000000 3.975618 16.385686
 103.000000 4.004398 18.736918
 104.000000 4.045389 21.750757
 105.000000 3.951266 15.199484
 106.000000 3.959571 16.073647
 107.000000 3.952237 15.770148
 108.000000 3.921771 13.767067
 109.000000 3.924398 14.229210
 110.000000 3.923546 14.432335
 111.000000 3.909725 13.696800
 112.000000 3.902255 13.437167
 113.000000 3.845271 9.926081
 114.000000 3.842082 10.052716
 115.000000 3.900533 14.205839
 116.000000 3.889937 13.739643
 117.000000 3.916985 15.896988
 118.000000 3.946233 18.224059
 119.000000 3.979803 20.802196
 120.000000 3.942937 18.405960
 121.000000 3.914257 16.575231
 122.000000 3.824984 10.821046
 123.000000 3.806859 10.053872
 124.000000 3.865865 14.054957
 125.000000 3.887936 15.811465
 126.000000 3.910286 17.599511
 127.000000 3.856357 14.159953
 128.000000 3.832637 12.895376
 129.000000 3.788484 10.524340
 130.000000 3.799253 11.457383
 131.000000 3.751433 9.133359
 132.000000 3.736293 8.709174
 133.000000 3.698285 7.302135
 134.000000 3.701010 7.781110
 135.000000 3.700226 8.100615
 136.000000 3.715773 9.138095
 137.000000 3.713810 9.382186
 138.000000 3.748136 11.322481
 139.000000 3.756267 12.024286
 140.000000 3.720639 10.608891
 141.000000 3.717279 10.765549
 142.000000 3.718301 11.122127
 143.000000 3.684019 9.891143
 144.000000 3.702277 11.018480
 145.000000 3.710082 11.675563
 146.000000 3.627629 8.438839
 147.000000 3.640935 9.322706
 148.000000 3.685037 11.508761
 149.000000 3.669333 11.136383
 150.000000 3.641071 10.252082
 151.000000 3.654338 11.122855
 152.000000 3.686604 12.788325
 153.000000 3.733773 15.072984
 154.000000 3.778566 17.236421
 155.000000 3.816643 19.104503
 156.000000 3.837167 20.208878
 157.000000 3.843162 20.673590
 158.000000 3.759550 17.231952
 159.000000 3.745295 16.838607
 160.000000 3.779886 18.582773
 161.000000 3.796483 19.515643
 162.000000 3.711678 15.977220
 163.000000 3.710201 16.155092
 164.000000 3.672538 14.643104
 165.000000 3.664171 14.505849
 166.000000 3.620760 12.667763
 167.000000 3.604927 12.177911
 168.000000 3.580667 11.280582
 169.000000 3.632640 14.111131
 170.000000 3.608924 13.228507
 171.000000 3.568572 11.516521
 172.000000 3.622860 14.471515
 173.000000 3.656052 16.287952
 174.000000 3.622115 14.936793
 175.000000 3.662486 17.073334
 176.000000 3.687612 18.398571
 177.000000 3.672978 17.990682
 178.000000 3.682173 18.612353
 179.000000 3.680601 18.763355
 180.000000 3.662435 18.180397
 181.000000 3.698821 19.958215
 182.000000 3.699546 20.192895
 183.000000 3.677162 19.460255
 184.000000 3.675301 19.589283
 185.000000 3.740632 22.326020
 186.000000 3.684125 20.355684
 187.000000 3.730233 22.347616
 188.000000 3.761590 23.561378
 189.000000 3.775977 24.163950
 190.000000 3.741946 23.275637
 191.000000 3.826420 25.825236
 192.000000 3.842983 26.374487
 193.000000 3.815807 25.877387
 194.000000 3.791871 25.412316
 195.000000 3.771637 24.995220
 196.000000 3.754709 24.630060
 197.000000 3.736923 24.188841
 198.000000 3.756206 25.015057
 199.000000 3.750636 24.996491
 200.000000 3.784588 26.190213
 201.000000 3.768344 25.877137
 202.000000 3.757667 25.702204
 203.000000 3.796538 26.977255
 204.000000 3.767588 26.319852
 205.000000 3.785759 26.997235
 206.000000 3.732152 25.416209
 207.000000 3.722715 25.209848
 208.000000 3.703505 24.560518
 209.000000 3.730670 25.849399
 210.000000 3.689113 24.217286
 211.000000 3.671669 23.511996
 212.000000 3.740361 26.695140
 213.000000 3.743933 26.971901
 214.000000 3.734082 26.771203
 215.000000 3.688058 24.950765
 216.000000 3.695187 25.456887
 217.000000 3.671550 24.433812
 218.000000 3.623237 21.758103
 219.000000 3.671987 24.809503
 220.000000 3.635928 22.907158
 221.000000 3.662751 24.654777
 222.000000 3.722460 27.613276
 223.000000 3.709616 27.244774
 224.000000 3.678416 25.940889
 225.000000 3.631055 23.371566
 226.000000 3.621418 22.925273
 227.000000 3.636689 24.081888
 228.000000 3.547552 17.967399
 229.000000 3.513120 15.586818
 230.000000 3.571069 20.191327
 231.000000 3.576949 20.827396
 232.000000 3.543215 18.507331
 233.000000 3.496418 15.171788
 234.000000 3.522820 17.426528
 235.000000 3.505126 16.312635
 236.000000 3.516936 17.450803
 237.000000 3.514967 17.531121
 238.000000 3.463850 13.921744
 239.000000 3.498426 16.769390
 240.000000 3.489535 16.336208
 241.000000 3.520588 18.918975
 242.000000 3.511439 18.445204
 243.000000 3.508390 18.434885
 244.000000 3.520518 19.568158
 245.000000 3.508526 18.873879
 246.000000 3.511956 19.348572
 247.000000 3.485181 17.528491
 248.000000 3.461285 15.950627
 249.000000 3.469927 16.846282
 250.000000 3.434587 14.454665
 251.000000 3.462470 16.780902
 252.000000 3.452885 16.302302
 253.000000 3.424279 14.446615
 254.000000 3.402336 13.158941
 255.000000 3.447443 16.672712
 256.000000 3.433265 15.870647
 257.000000 3.489505 20.261200
 258.000000 3.505867 21.656111
 259.000000 3.508670 22.048966
 260.000000 3.529651 23.718032
 261.000000 3.519121 23.154593
 262.000000 3.449490 18.196638
 263.000000 3.447956 18.303882
 264.000000 3.454252 18.996420
 265.000000 3.537678 25.218565
 266.000000 3.512710 23.665267
 267.000000 3.462624 20.157992
 268.000000 3.431455 18.006046
 269.000000 3.394201 15.455238
 270.000000 3.384243 14.982816
 271.000000 3.383022 15.151390
 272.000000 3.379096 15.124443
 273.000000 3.323462 11.578901
 274.000000 3.290757 9.863152
 275.000000 3.312738 11.517420
 276.000000 3.283762 10.075221
 277.000000 3.327685 13.077440
 278.000000 3.357993 15.355430
 279.000000 3.306421 12.264269
 280.000000 3.277012 10.798693
 281.000000 3.287136 11.697175
 282.000000 3.272165 11.126793
 283.000000 3.300631 13.103448
 284.000000 3.298790 13.271227
 285.000000 3.266729 11.671814
 286.000000 3.268291 12.057789
 287.000000 3.192984 8.413771
 288.000000 3.252821 11.812832
 289.000000 3.208736 9.806158
 290.000000 3.194397 9.429682
 291.000000 3.200429 10.049226
 292.000000 3.214110 11.043856
 293.000000 3.271452 14.348782
 294.000000 3.264376 14.229103
 295.000000 3.245217 13.471289
 296.000000 3.229489 12.921471
 297.000000 3.309816 17.515989
 298.000000 3.321264 18.376117
 299.000000 3.282331 16.456223
 300.000000 3.311682 18.305879
 301.000000 3.349679 20.611286
 302.000000 3.309148 18.583332
 303.000000 3.272686 16.788055
 304.000000 3.285396 17.725882
 305.000000 3.226639 14.709425
 306.000000 3.230279 15.168868
 307.000000 3.259948 17.054355
 308.000000 3.257425 17.149719
 309.000000 3.196690 14.030441
 310.000000 3.232761 16.285860
 311.000000 3.233692 16.579099
 312.000000 3.280191 19.340225
 313.000000 3.227348 16.672722
 314.000000 3.215285 16.239828
 315.000000 3.233905 17.514706
 316.000000 3.208792 16.346590
 317.000000 3.194498 15.783933
 318.000000 3.226604 17.825397
 319.000000 3.211249 17.197903
 320.000000 3.245479 19.309748
 321.000000 3.264799 20.542287
 322.000000 3.271785 21.103831
 323.000000 3.235743 19.384492
 324.000000 3.262578 21.030900
 325.000000 3.289941 22.611556
 326.000000 3.301525 23.355011
 327.000000 3.240296 20.384336
 328.000000 3.189383 17.660286
 329.000000 3.247629 21.204331
 330.000000 3.282216 23.180625
 331.000000 3.230678 20.641383
 332.000000 3.297190 24.268907
 333.000000 3.321718 25.543087
 334.000000 3.326973 25.928784
 335.000000 3.293814 24.593752
 336.000000 3.261928 23.163353
 337.000000 3.235125 21.874651
 338.000000 3.233734 21.984370
 339.000000 3.190049 19.550654
 340.000000 3.200767 20.425225
 341.000000 3.176790 19.119831
 342.000000 3.158838 18.168585
 343.000000 3.135741 16.858783
 344.000000 3.122852 16.229083
 345.000000 3.174066 19.846823
 346.000000 3.129439 17.115579
 347.000000 3.163676 19.615277
 348.000000 3.164827 19.898379
 349.000000 3.176860 20.871537
 350.000000 3.188797 21.810801
 351.000000 3.200928 22.730653
 352.000000 3.210204 23.453280
 353.000000 3.132431 18.668667
 354.000000 3.096644 16.396634
 355.000000 3.014992 11.063384
 356.000000 3.017756 11.546961
 357.000000 2.998644 10.635687
 358.000000 3.001936 11.151216
 359.000000 2.966044 9.315516
 360.000000 2.886968 5.759831
 361.000000 2.921694 7.697809
 362.000000 2.933922 8.652583
 363.000000 2.946106 9.615285
 364.000000 2.919959 8.631817
 365.000000 2.893309 7.748607
 366.000000 2.922163 9.428927
 367.000000 2.915320 9.430188
 368.000000 2.990827 13.664695
 369.000000 2.916440 10.065692
 370.000000 2.969079 13.053345
 371.000000 2.978718 13.852644
 372.000000 2.970958 13.702970
 373.000000 2.991163 15.070455
 374.000000 2.974048 14.394971
 375.000000 3.043427 18.490729
 376.000000 3.042055 18.633481
 377.000000 3.033280 18.361829
 378.000000 3.049430 19.483137
 379.000000 2.977416 15.664924
 380.000000 2.964085 15.175290
 381.000000 2.944485 14.360648
 382.000000 2.968933 15.959630
 383.000000 2.935736 14.394774
 384.000000 2.945405 15.181110
 385.000000 2.965291 16.517570
 386.000000 2.951136 15.985394
 387.000000 2.942782 15.776385
 388.000000 2.906232 14.044148
 389.000000 2.855156 11.616691
 390.000000 2.874705 12.931363
 391.000000 2.869443 12.936938
 392.000000 2.900511 14.851923
 393.000000 2.863499 13.161401
 394.000000 2.857047 13.102648
 395.000000 2.862912 13.687749
 396.000000 2.902899 16.046967
 397.000000 2.918023 17.074775
 398.000000 2.848817 13.680608
 399.000000 2.881917 15.694554
 400.000000 2.835121 13.472422
 401.000000 2.838111 13.905066
 402.000000 2.833634 13.937215
 403.000000 2.853311 15.244276
 404.000000 2.909296 18.365116
 405.000000 2.798847 12.796545
 406.000000 2.753426 10.680063
 407.000000 2.752987 10.967977
 408.000000 2.764760 11.887377
 409.000000 2.793011 13.663990
 410.000000 2.779070 13.202215
 411.000000 2.713900 10.099303
 412.000000 2.718981 10.674128
 413.000000 2.689677 9.531228
 414.000000 2.684685 9.616914
 415.000000 2.701047 10.739651
 416.000000 2.699866 10.991489
 417.000000 2.715469 12.068561
 418.000000 2.729479 13.058590
 419.000000 2.698066 11.776617
 420.000000 2.682241 11.293704
 421.000000 2.687917 11.874295
 422.000000 2.679870 11.774429
 423.000000 2.697281 12.924327
 424.000000 2.700240 13.350599
 425.000000 2.656682 11.487724
 426.000000 2.674099 12.639530
 427.000000 2.699185 14.150257
 428.000000 2.707617 14.824523
 429.000000 2.710356 15.214711
 430.000000 2.749125 17.282723
 431.000000 2.731045 16.681165
 432.000000 2.738164 17.249898
 433.000000 2.719848 16.619801
 434.000000 2.744601 18.014401
 435.000000 2.779565 19.749097
 436.000000 2.770346 19.573774
 437.000000 2.790028 20.585228
 438.000000 2.749254 19.057194
 439.000000 2.772270 20.275187
 440.000000 2.831639 22.683876
 441.000000 2.866323 23.890494
 442.000000 2.868616 24.124498
 443.000000 2.890480 24.841966
 444.000000 2.923494 25.717417
 445.000000 2.937633 26.145032
 446.000000 2.964511 26.763329
 447.000000 2.955706 26.769061
 448.000000 2.996172 27.554861
 449.000000 3.068250 28.694550
 450.000000 3.082354 29.021165
 451.000000 3.046272 28.674248
 452.000000 3.045509 28.803047
 453.000000 3.095572 29.602763
 454.000000 3.094013 29.716352
 455.000000 3.132510 30.329169
 456.000000 3.076091 29.740358
 457.000000 3.106758 30.271302
 458.000000 3.088460 30.165997
 459.000000 3.089250 30.306703
 460.000000 3.105414 30.643396
 461.000000 3.100807 30.713076
 462.000000 3.121651 31.095620
 463.000000 3.131709 31.337101
 464.000000 3.179385 31.937079
 465.000000 3.172393 31.996151
 466.000000 3.217059 32.457558
 467.000000 3.227855 32.638509
 468.000000 3.261709 32.903794
 469.000000 3.197621 32.666903
 470.000000 3.172533 32.565264
 471.000000 3.147438 32.417106
 472.000000 3.140348 32.451362
 473.000000 3.189955 33.068112
 474.000000 3.246377 33.500455
 475.000000 3.208558 33.427612
 476.000000 3.171433 33.235228
 477.000000 3.117399 32.682007
 478.000000 3.132055 33.004072
 479.000000 3.140916 33.234676
 480.000000 3.159740 33.568082
 481.000000 3.164573 33.730971
 482.000000 3.248595 34.328955
 483.000000 3.219546 34.351293
 484.000000 3.232168 34.507184
 485.000000 3.246228 34.648086
 486.000000 3.256833 34.766089
 487.000000 3.282686 34.854951
 488.000000 3.277978 34.968549
 489.000000 3.329226 34.908192
 490.000000 3.338692 34.969121
 491.000000 3.394119 34.795137
 492.000000 3.336486 35.186886
 493.000000 3.297018 35.436164
 494.000000 3.274254 35.570782
 495.000000 3.202752 35.386607
 496.000000 3.237676 35.708364
 497.000000 3.225011 35.750252
 498.000000 3.134131 34.777637
 499.000000 3.187056 35.639806
 500.000000 3.219917 36.018903
 501.000000 3.224325 36.144928
 502.000000 3.230262 36.274117
 503.000000 3.285532 36.410684
 504.000000 3.250454 36.532727
 505.000000 3.211654 36.451480
 506.000000 3.241281 36.706564
 507.000000 3.235782 36.785028
 508.000000 3.207596 36.709858
 509.000000 3.233254 36.968761
 510.000000 3.237521 37.081190
 511.000000 3.252374 37.211136
 512.000000 3.237407 37.271677
 513.000000 3.258338 37.404335
 514.000000 3.242980 37.478501
 515.000000 3.211317 37.400912
 516.000000 3.192044 37.303078
 517.000000 3.205428 37.538367
 518.000000 3.219222 37.742771
 519.000000 3.267619 37.945199
 520.000000 3.244054 38.036597
 521.000000 3.273234 38.114936
 522.000000 3.242141 38.214280
 523.000000 3.146097 37.168544
 524.000000 3.221783 38.301794
 525.000000 3.274628 38.457462
 526.000000 3.293806 38.447620
 527.000000 3.243532 38.660444
 528.000000 3.254404 38.762213
 529.000000 3.272373 38.821997
 530.000000 3.248222 38.934937
 531.000000 3.247964 39.022839
 532.000000 3.245450 39.106641
 533.000000 3.221799 39.088382
 534.000000 3.249536 39.287089
 535.000000 3.239234 39.351647
 536.000000 3.261592 39.457064
 537.000000 3.278260 39.489748
 538.000000 3.327730 39.126235
 539.000000 3.335995 39.105065
 540.000000 3.391032 38.326815
 541.000000 3.353136 39.033177
 542.000000 3.351950 39.139009
 543.000000 3.378300 38.805057
 544.000000 3.363627 39.133725
 545.000000 3.349092 39.444313
 546.000000 3.419112 38.367255
 547.000000 3.383961 39.059524
 548.000000 3.466416 37.793048
 549.000000 3.516170 37.259182
 550.000000 3.489733 37.663761
 551.000000 3.524576 37.358532
 552.000000 3.527295 37.425995
 553.000000 3.485985 37.990784
 554.000000 3.551468 37.379442
 555.000000 3.522796 37.749782
 556.000000 3.494694 38.156548
 557.000000 3.457396 38.734628
 558.000000 3.480692 38.511150
 559.000000 3.533454 37.995503
 560.000000 3.574037 37.702614
 561.000000 3.532720 38.186211
 562.000000 3.578996 37.840921
 563.000000 3.531482 38.380030
 564.000000 3.489726 38.923037
 565.000000 3.491157 38.994430
 566.000000 3.484376 39.163026
 567.000000 3.477104 39.338077
 568.000000 3.442598 39.863182
 569.000000 3.437699 40.011684
 570.000000 3.464445 39.747812
 571.000000 3.433929 40.228356
 572.000000 3.399714 40.759717
 573.000000 3.407860 40.735411
 574.000000 3.417029 40.697065
 575.000000 3.457500 40.242094
 576.000000 3.504054 39.728875
 577.000000 3.455004 40.441505
 578.000000 3.448865 40.605441
 579.000000 3.417854 41.089477
 580.000000 3.446293 40.800164
 581.000000 3.462703 40.662727
 582.000000 3.480335 40.514155
 583.000000 3.518639 40.097597
 584.000000 3.531009 40.023064
 585.000000 3.584022 39.416408
 586.000000 3.533275 40.161793
 587.000000 3.524938 40.350885
 588.000000 3.522113 40.469219
 589.000000 3.496084 40.879690
 590.000000 3.469299 41.294130
 591.000000 3.475228 41.300395
 592.000000 3.525083 40.747859
 593.000000 3.522323 40.864594
 594.000000 3.501879 41.206157
 595.000000 3.497788 41.337593
 596.000000 3.512936 41.224996
 597.000000 3.507738 41.371163
 598.000000 3.535159 41.093529
 599.000000 3.578093 40.567891
 600.000000 3.604925 40.225772
 601.000000 3.616016 40.119032
 602.000000 3.597418 40.515685
 603.000000 3.508125 41.823026
 604.000000 3.552544 41.332589
 605.000000 3.550005 41.446531
 606.000000 3.476075 42.416371
 607.000000 3.448412 42.774263
 608.000000 3.460540 42.726959
 609.000000 3.484840 42.544077
 610.000000 3.449532 42.986361
 611.000000 3.474287 42.806908
 612.000000 3.436538 43.251142
 613.000000 3.445480 43.244149
 614.000000 3.454474 43.230560
 615.000000 3.504049 42.750384
 616.000000 3.502522 42.843627
 617.000000 3.504298 42.895929
 618.000000 3.532811 42.593324
 619.000000 3.535805 42.626188
 620.000000 3.484622 43.349558
 621.000000 3.540770 42.699138
 622.000000 3.546875 42.682108
 623.000000 3.523899 43.085163
 624.000000 3.543223 42.884952
 625.000000 3.531130 43.133439
 626.000000 3.529997 43.222502
 627.000000 3.561968 42.809679
 628.000000 3.645327 41.170702
 629.000000 3.579798 42.654261
 630.000000 3.591854 42.505335
 631.000000 3.620601 41.983280
 632.000000 3.603839 42.419798
 633.000000 3.655932 41.269491
 634.000000 3.641291 41.725178
 635.000000 3.656892 41.401306
 636.000000 3.649506 41.674477
 637.000000 3.587772 43.108633
 638.000000 3.565726 43.553526
 639.000000 3.579319 43.403096
 640.000000 3.561985 43.755054
 641.000000 3.483353 44.727149
 642.000000 3.534301 44.277550
 643.000000 3.574237 43.761439
 644.000000 3.563602 44.004370
 645.000000 3.626346 42.845689
 646.000000 3.580772 43.862944
 647.000000 3.569922 44.116007
 648.000000 3.571436 44.161427
 649.000000 3.542046 44.663011
 650.000000 3.548867 44.639561
 651.000000 3.573349 44.335539
 652.000000 3.635010 43.099609
 653.000000 3.681706 41.819452
 654.000000 3.635392 43.238635
 655.000000 3.679444 42.040641
 656.000000 3.701672 41.379780
 657.000000 3.648910 43.104075
 658.000000 3.721003 40.842515
 659.000000 3.757264 39.558303
 660.000000 3.778022 38.843112
 661.000000 3.707522 41.572819
 662.000000 3.750400 40.072356
 663.000000 3.775591 39.182941
 664.000000 3.770521 39.466748
 665.000000 3.846060 36.733565
 666.000000 3.747873 40.511555
 667.000000 3.813807 38.063839
 668.000000 3.779729 39.459484
 669.000000 3.798385 38.826592
 670.000000 3.787429 39.336824
 671.000000 3.773080 39.976930
 672.000000 3.831148 37.855408
 673.000000 3.864426 36.800932
 674.000000 3.803605 39.069207
 675.000000 3.770749 40.412775
 676.000000 3.770621 40.500288
 677.000000 3.815993 38.850291
 678.000000 3.809491 39.184312
 679.000000 3.796622 39.762770
 680.000000 3.804774 39.535824
 681.000000 3.816368 39.182479
 682.000000 3.827265 38.862962
 683.000000 3.874107 37.315702
 684.000000 3.882811 37.136033
 685.000000 3.913466 36.353862
 686.000000 3.908765 36.577261
 687.000000 3.909321 36.660320
 688.000000 3.925401 36.346873
 689.000000 3.909119 36.862133
 690.000000 3.890769 37.477646
 691.000000 3.904028 37.191755
 692.000000 3.914142 37.015289
 693.000000 3.903750 37.390826
 694.000000 3.810629 40.525670
 695.000000 3.845344 39.388472
 696.000000 3.807530 40.803537
 697.000000 3.822204 40.363831
 698.000000 3.812257 40.799007
 699.000000 3.791356 41.622879
 700.000000 3.831567 40.274115
 701.000000 3.925491 37.414188
 702.000000 3.878219 38.874658
 703.000000 3.815166 41.102909
 704.000000 3.799072 41.748834
 705.000000 3.813319 41.325577
 706.000000 3.884695 38.981669
 707.000000 3.866956 39.641242
 708.000000 3.806905 41.794182
 709.000000 3.864851 39.871102
 710.000000 3.846008 40.592503
 711.000000 3.939570 37.811936
 712.000000 3.913580 38.610026
 713.000000 3.885604 39.541073
 714.000000 3.901073 39.150633
 715.000000 3.891446 39.532499
 716.000000 3.913197 38.968281
 717.000000 3.871254 40.343826
 718.000000 3.901700 39.475023
 719.000000 3.912493 39.243754
 720.000000 3.894943 39.853965
 721.000000 3.896705 39.884539
 722.000000 3.947494 38.541674
 723.000000 3.905053 39.805548
 724.000000 3.873985 40.845691
 725.000000 3.930842 39.235166
 726.000000 3.886410 40.622247
 727.000000 3.893552 40.485392
 728.000000 3.845316 42.092012
 729.000000 3.856481 41.808754
 730.000000 3.878881 41.172932
 731.000000 3.879161 41.244005
 732.000000 3.891611 40.937086
 733.000000 3.871153 41.656582
 734.000000 3.851725 42.354296
 735.000000 3.877992 41.594237
 736.000000 3.881105 41.574777
 737.000000 3.777808 44.850945
 738.000000 3.848615 42.748371
 739.000000 3.821598 43.682654
 740.000000 3.834681 43.340582
 741.000000 3.819837 43.881376
 742.000000 3.841465 43.265559
 743.000000 3.858553 42.789087
 744.000000 3.895150 41.692120
 745.000000 3.821221 44.127386
 746.000000 3.829989 43.923061
 747.000000 3.874440 42.565696
 748.000000 3.875809 42.596626
 749.000000 3.877828 42.606503
 750.000000 3.838205 43.953677
 751.000000 3.877306 42.767521
 752.000000 3.882652 42.669546
 753.000000 3.893033 42.411068
 754.000000 3.917001 41.723964
 755.000000 3.851094 43.908021
 756.000000 3.903371 42.300929
 757.000000 3.912218 42.095941
 758.000000 3.891733 42.826905
 759.000000 3.874547 43.451847
 760.000000 3.901108 42.671016
 761.000000 3.916803 42.246308
 762.000000 3.886967 43.275605
 763.000000 3.868947 43.923546
 764.000000 3.832048 45.140597
 765.000000 3.875569 43.848580
 766.000000 3.853464 44.619441
 767.000000 3.894449 43.380610
 768.000000 3.908531 42.997010
 769.000000 3.930419 42.368930
 770.000000 3.926738 42.561870
 771.000000 3.885967 43.946702
 772.000000 3.886570 43.998022
 773.000000 3.908601 43.358606
 774.000000 3.912343 43.310770
 775.000000 3.948957 42.206905
 776.000000 3.933012 42.795033
 777.000000 3.938055 42.705733
 778.000000 3.917718 43.433314
 779.000000 3.967907 41.900362
 780.000000 3.948176 42.605049
 781.000000 3.917806 43.651756
 782.000000 3.927140 43.425346
 783.000000 3.968729 42.166115
 784.000000 3.962299 42.447936
 785.000000 3.912013 44.127226
 786.000000 3.896023 44.701442
 787.000000 3.882027 45.202687
 788.000000 3.846658 46.314018
 789.000000 3.860426 45.981675
 790.000000 3.863207 45.964480
 791.000000 3.799495 47.713140
 792.000000 3.821847 47.234437
 793.000000 3.809769 47.594100
 794.000000 3.807922 47.698218
 795.000000 3.802367 47.887465
 796.000000 3.855383 46.548589
 797.000000 3.920057 44.573478
 798.000000 3.940176 43.972189
 799.000000 3.988451 42.408638
 800.000000 3.998168 42.150181
 801.000000 4.004199 42.018239
 802.000000 4.013041 41.786483
 803.000000 4.032111 41.185441
 804.000000 4.032309 41.258083
 805.000000 3.993583 42.695761
 806.000000 4.049621 40.770172
 807.000000 3.973490 43.526663
 808.000000 4.063866 40.367106
 809.000000 4.079346 39.822394
 810.000000 4.014800 42.346593
 811.000000 4.019769 42.247695
 812.000000 4.036247 41.732745
 813.000000 4.037670 41.758380
 814.000000 4.061220 40.941524
 815.000000 4.047323 41.557715
 816.000000 4.017301 42.722019
 817.000000 4.037210 42.085845
 818.000000 4.029461 42.444034
 819.000000 4.025310 42.667387
 820.000000 4.055058 41.639501
 821.000000 4.063020 41.404033
 822.000000 4.065357 41.389182
 823.000000 4.110575 39.465240
 824.000000 4.098926 40.104483
 825.000000 4.096923 40.280489
 826.000000 4.130289 38.712630
 827.000000 4.082917 41.073953
 828.000000 4.124708 39.173923
 829.000000 4.140009 38.435746
 830.000000 4.127213 39.220212
 831.000000 4.105566 40.389996
 832.000000 4.152193 37.990890
 833.000000 4.111032 40.299907
 834.000000 4.119109 39.982094
 835.000000 4.154025 38.137653
 836.000000 4.182822 36.384289
 837.000000 4.167245 37.510342
 838.000000 4.160218 38.044631
 839.000000 4.209556 34.739520
 840.000000 4.191567 36.166601
 841.000000 4.186537 36.618472
 842.000000 4.211989 34.856116
 843.000000 4.203703 35.588600
 844.000000 4.213302 34.962919
 845.000000 4.206091 35.618010
 846.000000 4.208051 35.572795
 847.000000 4.198101 36.413415
 848.000000 4.188671 37.182456
 849.000000 4.152653 39.579769
 850.000000 4.165589 38.885479
 851.000000 4.198277 36.765459
 852.000000 4.240820 33.484010
 853.000000 4.250906 32.720805
 854.000000 4.300715 28.174022
 855.000000 4.256797 32.453097
 856.000000 4.263583 31.958649
 857.000000 4.201867 37.176372
 858.000000 4.219316 35.945560
 859.000000 4.214834 36.396005
 860.000000 4.266123 32.131533
 861.000000 4.275932 31.336631
 862.000000 4.235097 35.101036
 863.000000 4.252753 33.685840
 864.000000 4.263574 32.823259
 865.000000 4.278653 31.530864
 866.000000 4.263017 33.112370
 867.000000 4.281217 31.522087
 868.000000 4.270657 32.644379
 869.000000 4.240040 35.485642
 870.000000 4.253203 34.449835
 871.000000 4.191239 39.409882
 872.000000 4.126157 43.108071
 873.000000 4.204266 38.655658
 874.000000 4.224606 37.199260
 875.000000 4.241428 35.907076
 876.000000 4.197710 39.404638
 877.000000 4.266505 33.853565
 878.000000 4.259742 34.586726
 879.000000 4.248829 35.669149
 880.000000 4.240995 36.447905
 881.000000 4.264935 34.416639
 882.000000 4.266516 34.377643
 883.000000 4.295578 31.659599
 884.000000 4.309241 30.385064
 885.000000 4.288029 32.664843
 886.000000 4.278313 33.731800
 887.000000 4.252595 36.221219
 888.000000 4.291280 32.666899
 889.000000 4.283245 33.578409
 890.000000 4.279248 34.079836
 891.000000 4.283122 33.812010
 892.000000 4.284148 33.822389
 893.000000 4.246227 37.426456
 894.000000 4.225418 39.221875
 895.000000 4.243354 37.851974
 896.000000 4.244946 37.809388
 897.000000 4.212812 40.439979
 898.000000 4.183018 42.493326
 899.000000 4.145347 44.528925
 900.000000 4.227307 39.565643
 901.000000 4.243995 38.282881
 902.000000 4.243095 38.450315
 903.000000 4.294707 33.684149
 904.000000 4.329175 30.132008
 905.000000 4.367449 25.985466
 906.000000 4.320116 31.402534
 907.000000 4.303072 33.333346
 908.000000 4.337169 29.770705
 909.000000 4.341931 29.373655
 910.000000 4.369970 26.349092
 911.000000 4.413432 21.602233
 912.000000 4.415045 21.614656
 913.000000 4.380810 25.649296
 914.000000 4.387875 25.009267
 915.000000 4.353318 29.070926
 916.000000 4.387137 25.391996
 917.000000 4.348821 29.867675
 918.000000 4.394515 24.847947
 919.000000 4.374250 27.308544
 920.000000 4.313411 34.120823
 921.000000 4.404343 24.150542
 922.000000 4.380068 27.069921
 923.000000 4.411988 23.606958
 924.000000 4.395817 25.607735
 925.000000 4.390843 26.330172
 926.000000 4.326512 33.609655
 927.000000 4.359414 30.138475
 928.000000 4.297597 36.784154
 929.000000 4.340736 32.420714
 930.000000 4.384697 27.622691
 931.000000 4.401996 25.798136
 932.000000 4.400331 26.145828
 933.000000 4.362172 30.624498
 934.000000 4.389111 27.705692
 935.000000 4.450565 20.926901
 936.000000 4.502406 15.751965
 937.000000 4.518906 14.440257
 938.000000 4.530616 13.647524
 939.000000 4.525517 14.373913
 940.000000 4.509198 16.143614
 941.000000 4.519598 15.418144
 942.000000 4.529994 14.731736
 943.000000 4.480292 19.728075
 944.000000 4.457478 22.292858
 945.000000 4.492847 18.864042
 946.000000 4.532637 15.342662
 947.000000 4.524105 16.361905
 948.000000 4.545771 14.693300
 949.000000 4.557795 13.948212
 950.000000 4.510261 18.403997
 951.000000 4.549073 15.157921
 952.000000 4.556237 14.813571
 953.000000 4.497378 20.344719
 954.000000 4.530565 17.473946
 955.000000 4.541431 16.749596
 956.000000 4.522920 18.626924
 957.000000 4.493968 21.547029
 958.000000 4.602302 12.534774
 959.000000 4.644978 9.963995
 960.000000 4.632011 11.102520
 961.000000 4.604611 13.270783
 962.000000 4.617143 12.672402
 963.000000 4.621670 12.649776
 964.000000 4.636678 11.947955
 965.000000 4.640897 11.973790
 966.000000 4.639664 12.345030
 967.000000 4.591167 15.939426
 968.000000 4.647646 12.370416
 969.000000 4.647565 12.663605
 970.000000 4.656694 12.387180
 971.000000 4.610486 15.656324
 972.000000 4.659207 12.765092
 973.000000 4.663354 12.798308
 974.000000 4.723806 9.725487
 975.000000 4.717825 10.358256
 976.000000 4.685197 12.437203
 977.000000 4.719668 10.860898
 978.000000 4.734917 10.390385
 979.000000 4.723559 11.281879
 980.000000 4.698172 12.922501
 981.000000 4.709230 12.612645
 982.000000 4.743274 11.144981
 983.000000 4.722099 12.525870
 984.000000 4.734248 12.189984
 985.000000 4.746041 11.885564
 986.000000 4.710309 14.004772
 987.000000 4.655371 17.212070
 988.000000 4.708157 14.609340
 989.000000 4.659797 17.454531
 990.000000 4.676136 16.798871
 991.000000 4.655310 18.164582
 992.000000 4.734419 14.152106
 993.000000 4.726175 14.852177
 994.000000 4.711101 15.906745
 995.000000 4.735759 14.849922
 996.000000 4.709516 16.492720
 997.000000 4.716737 16.351289
 998.000000 4.748357 14.916458
 999.000000 4.726466 16.333830
 1000.000000 4.739305 15.895663
 1001.000000 4.713040 17.526177
 1002.000000 4.742779 16.183445
 1003.000000 4.698779 18.734602
 1004.000000 4.682905 19.762210
 1005.000000 4.754324 16.211385
 1006.000000 4.712267 18.695224
 1007.000000 4.725924 18.195537
 1008.000000 4.700044 19.764552
 1009.000000 4.771127 16.154299
 1010.000000 4.755369 17.272007
 1011.000000 4.745662 18.034276
 1012.000000 4.742111 18.450456
 1013.000000 4.756767 17.869569
 1014.000000 4.743188 18.837029
 1015.000000 4.726916 19.918198
 1016.000000 4.697724 21.602316
 1017.000000 4.688174 22.255623
 1018.000000 4.754776 18.983342
 1019.000000 4.777059 17.927731
 1020.000000 4.773207 18.375886
 1021.000000 4.751638 19.815035
 1022.000000 4.702832 22.552105
 1023.000000 4.723590 21.699198
 1024.000000 4.732533 21.423826
 1025.000000 4.687041 23.855795
 1026.000000 4.709671 22.953690
 1027.000000 4.723953 22.412325
 1028.000000 4.668994 25.184279
 1029.000000 4.656226 25.882431
 1030.000000 4.623552 27.322377
 1031.000000 4.689733 24.723217
 1032.000000 4.653650 26.455616
 1033.000000 4.616974 28.024442
 1034.000000 4.642912 27.181146
 1035.000000 4.640358 27.430225
 1036.000000 4.676949 26.049494
 1037.000000 4.674799 26.301834
 1038.000000 4.677365 26.342511
 1039.000000 4.661523 27.184349
 1040.000000 4.684509 26.320059
 1041.000000 4.698681 25.798386
 1042.000000 4.698759 25.952956
 1043.000000 4.730139 24.455045
 1044.000000 4.709829 25.718615
 1045.000000 4.697504 26.496689
 1046.000000 4.698680 26.592734
 1047.000000 4.693975 26.973816
 1048.000000 4.715286 26.047077
 1049.000000 4.739122 24.869260
 1050.000000 4.705751 26.862073
 1051.000000 4.731525 25.624396
 1052.000000 4.683610 28.227523
 1053.000000 4.672224 28.865374
 1054.000000 4.653605 29.749109
 1055.000000 4.680256 28.788894
 1056.000000 4.706434 27.680331
 1057.000000 4.696702 28.310964
 1058.000000 4.685145 28.994621
 1059.000000 4.731821 26.712513
 1060.000000 4.687831 29.157852
 1061.000000 4.659697 30.479694
 1062.000000 4.647922 31.045086
 1063.000000 4.659429 30.743859
 1064.000000 4.686106 29.749653
 1065.000000 4.662982 30.864330
 1066.000000 4.631082 32.118740
 1067.000000 4.642776 31.852425
 1068.000000 4.701405 29.500995
 1069.000000 4.709857 29.195326
 1070.000000 4.715824 29.007254
 1071.000000 4.737854 27.851920
 1072.000000 4.716262 29.264164
 1073.000000 4.683436 31.041032
 1074.000000 4.705647 30.093603
 1075.000000 4.687576 31.109039
 1076.000000 4.712143 30.004086
 1077.000000 4.718780 29.768623
 1078.000000 4.663383 32.508791
 1079.000000 4.669008 32.407264
 1080.000000 4.678420 32.136210
 1081.000000 4.677714 32.285816
 1082.000000 4.688027 31.946930
 1083.000000 4.732390 29.673016
 1084.000000 4.729845 29.962296
 1085.000000 4.704352 31.529753
 1086.000000 4.732332 30.063084
 1087.000000 4.754027 28.770598
 1088.000000 4.718280 31.163868
 1089.000000 4.745283 29.625867
 1090.000000 4.800840 25.585157
 1091.000000 4.797883 25.989101
 1092.000000 4.776119 27.869826
 1093.000000 4.792018 26.767120
 1094.000000 4.806182 25.751203
 1095.000000 4.802332 26.231957
 1096.000000 4.823521 24.573993
 1097.000000 4.819930 25.054784
 1098.000000 4.804063 26.572827
 1099.000000 4.798969 27.148113
 1100.000000 4.827742 24.832022
 1101.000000 4.860527 22.014023
 1102.000000 4.882165 20.188035
 1103.000000 4.881465 20.456526
 1104.000000 4.856192 23.004054
 1105.000000 4.843829 24.314230
 1106.000000 4.830022 25.717078
 1107.000000 4.858249 23.319946
 1108.000000 4.885199 20.981691
 1109.000000 4.843729 25.019876
 1110.000000 4.782952 30.247495
 1111.000000 4.858393 23.962823
 1112.000000 4.861009 23.891981
 1113.000000 4.823861 27.408981
 1114.000000 4.798718 29.638376
 1115.000000 4.813249 28.589757
 1116.000000 4.842242 26.200930
 1117.000000 4.840742 26.491687
 1118.000000 4.832667 27.364924
 1119.000000 4.846590 26.262457
 1120.000000 4.819074 28.847308
 1121.000000 4.756216 33.630931
 1122.000000 4.775203 32.498263
 1123.000000 4.798055 30.925919
 1124.000000 4.827258 28.625274
 1125.000000 4.824709 28.987793
 1126.000000 4.843144 27.480543
 1127.000000 4.866553 25.433635
 1128.000000 4.866594 25.590828
 1129.000000 4.878189 24.633093
 1130.000000 4.844242 28.010678
 1131.000000 4.828650 29.546534
 1132.000000 4.811666 31.118149
 1133.000000 4.808550 31.496662
 1134.000000 4.838489 29.053999
 1135.000000 4.843827 28.707297
 1136.000000 4.829210 30.153945
 1137.000000 4.819689 31.103980
 1138.000000 4.882875 25.361678
 1139.000000 4.896387 24.178989
 1140.000000 4.895589 24.429240
 1141.000000 4.911429 23.007229
 1142.000000 4.941583 20.162321
